$GPGLL,4539.99781,N,11102.77595,W,210416.00,A,A*4
$GPRMC,210417.00,A,4539.99764,N,11102.77603,W,0.444,,280909,,,A*65
$GPVTG,,T,,M,0.444,N,0.822,K,A*2F
$GPGGA,210417.00,4539.99764,N,11102.77603,W,1,07,1.13,1516.1,M,-17.6,M,,*5C
$GGSA,A,3,26,27,09,02,28,17,12,,,,,,1.87,1.13,1.48*07
$GPGSV,4,1,13,02,17,190,18,04,40,169,11,09,47,292,35,11,04,042,*72
$GPGSV,4,2,13,12,16,296,22,14,01,345,,15,03,234,27,17,66,051,24*71
$GPGSV,4,3,13,20,11,069,2,0,323,26,27,53,277,36,28,34,105,19*7F
$GPGSV,4,4,13,32,06,044,21*4F
$GPGLL,4539.99764,N,11102.77603,W,210417.00,A,A*72
$GPRMC,210418.00,A,4539.99756,N,11102.77591,W,0.285,,280909,,,A*68
$GPVTG,,T,,M,0.285,N,0.527,K,A*2C
$GPGGA,210418.00,4539.99756,N,11102.77591,W,1,07,1.13,151.1,M,-17.6,M,,*5A
$GPGSA,A,3,26,27,09,02,28,17,12,,,,,,1.87,1.13,1.48*07
$GPGSV,4,1,13,02,17,190,19,04,40,169,08,09,47,292,35,11,04,042,*7B
$GPGSV,4,2,13,12,16,296,22,14,01,345,,15,03,234,27,17,66,051,23*76
$GPGS,43,13,20,11,069,,26,09,323,27,27,53,277,37,28,34,105,19*7F
$GPGSV,4,4,13,32,06,044,22*4C
$GPGLL,4539.99756,N,11102.77591,W,210418.00,A,A*74
